4 5 2
7 5 1
5 12 1
7 8 2
8 12 2
5 12 1
5 5 1
6 5 2
5 9 1
6 10 2
2 12 2
0 11 1
3 9 2
3 5 1
1 5 2
10 12 2
8 6 1
4 12 2
1 9 1
6 5 2
5 7 2
10 6 2
9 9 1
3 7 1
6 8 2
9 12 1
9 12 1
10 7 2
6 10 2
10 10 1
2 6 2
1 5 1
3 6 2
0 9 1
0 6 2
2 11 2
8 9 2
0 8 2
10 5 1
4 10 2
8 9 2
7 10 2
4 6 2
10 11 2
7 10 1
9 8 1
5 8 1
2 9 1
1 11 2
4 11 2
7 9 1
5 12 1
8 5 1
9 10 1
2 6 1
10 8 1
1 10 1
7 10 2
7 8 2
10 11 2
10 8 1
9 5 2
9 7 2
3 10 1
10 7 1
6 10 1
7 10 2
9 8 1
5 8 2
1 10 2
8 10 2
3 5 2
10 7 2
5 11 1
0 12 1
9 9 2
9 5 1
8 8 1
0 7 2
8 12 2
9 6 2
10 7 1
7 9 1
1 8 1
5 11 2
10 10 1
9 5 1
5 12 2
6 10 1
4 7 1
10 7 1
0 11 1
2 8 1
1 10 1
9 10 2
3 6 1
0 10 2
7 8 2
8 6 2
4 7 2
7 11 1
3 5 2
4 9 1
6 9 2
1 7 2
5 6 2
4 12 2
10 12 1
8 6 2
9 5 1
1 12 1
5 10 1
4 11 2
8 8 1
8 12 1
8 9 1
2 5 2
5 7 1
2 9 2
9 8 2
3 6 1
8 6 1
8 11 1
9 5 2
10 9 1
9 12 1
6 7 1
0 12 2
4 9 2
6 12 1
8 11 1
8 8 1
1 9 2
9 12 1
8 7 2
1 12 1
9 7 2
10 10 2
5 9 2
3 9 2
0 5 2
3 7 2
1 11 2
0 7 1
3 7 1
1 7 2
8 9 2
9 11 1
1 9 1
9 6 1
8 12 2
9 5 2
3 8 1
8 11 1
2 5 2
7 5 1
5 10 2
5 10 1
3 12 2
4 7 1
0 11 2
6 12 2
5 10 1
7 8 2
0 10 2
7 5 1
2 12 2
10 11 2
3 12 2
5 12 1
5 7 1
8 8 1
6 5 2
9 11 2
0 12 2
8 6 2
8 12 1
9 9 1
1 9 2
3 7 1
8 11 1
10 11 2
9 10 1
9 11 2
9 6 2
7 6 2
3 7 2
9 9 2
8 10 2
7 8 2
0 9 1
5 8 2
5 9 1
0 10 1
5 12 2
7 11 2
3 7 1
4 11 2
7 12 2
0 5 1
1 9 1
8 12 2
6 10 2
6 8 1
8 8 1
3 11 1
2 11 2
1 6 1
6 10 1
5 11 1
6 5 1
6 8 1
4 8 1
10 12 2
7 6 2
6 7 2
9 10 1
5 7 2
7 9 2
0 9 2
4 5 2
4 5 2
6 11 1
7 10 1
7 12 2
1 7 2
8 7 2
9 11 2
10 12 1
4 12 2
8 11 1
9 10 1
4 11 2
2 7 1
8 8 1
7 6 1
8 8 2
9 12 2
4 12 1
10 11 2
4 6 1
5 10 1
4 12 1
3 12 1
7 10 1
9 5 1
6 8 1
5 6 2
9 10 1
2 9 1
1 11 2
4 8 1
8 7 1
1 6 1
8 9 1
1 8 1
9 9 1
8 7 1
7 10 2
2 6 1
4 12 1
3 11 2
4 6 2
9 10 1
6 12 1
2 11 2
6 9 2
3 9 1
7 12 1
2 5 2
1 7 2
10 9 2
8 9 2
0 12 2
6 9 1
0 11 1
3 10 1
10 5 2
4 7 1
10 5 2
2 11 1
9 5 2
8 9 2
1 12 2
1 8 1
9 5 2
8 8 2
2 11 2
1 9 2
5 6 1
0 10 1
2 9 2
6 6 2
4 9 2
7 7 2
6 10 1
1 11 1
9 9 1
10 9 2
9 6 2
3 7 2
3 8 2
9 8 2
10 12 1
9 7 1
10 10 1
4 6 2
3 6 1
8 7 1
1 10 2
8 9 1
2 8 1
7 5 2
10 9 2
2 11 2
4 8 1
7 7 2
8 10 2
6 6 2
2 7 2
0 10 1
3 12 1
0 7 2
2 12 2
2 9 1
7 8 1
4 5 2
8 5 2
9 10 1
10 5 1
0 5 2
5 7 2
3 11 2
7 7 2
7 6 1
7 11 1
6 5 1
3 11 2
2 10 2
7 7 2
4 10 1
2 8 1
0 10 2
0 11 2
6 9 1
9 12 1
4 8 2
9 8 1
0 12 2
10 6 1
5 11 1
4 8 2
5 8 2
6 5 2
3 5 1
0 9 2
4 10 1
0 12 2
0 10 1
3 6 2
1 10 1
6 6 1
2 8 2
0 5 1
7 5 2
2 6 2
6 12 2
1 5 1
4 7 1
4 9 2
7 6 1
10 10 1
9 7 1
9 11 1
9 6 2
0 9 1
3 5 2
10 7 1
10 5 1
10 6 2
9 5 1
4 11 1
9 9 2
3 10 2
0 5 1
3 7 2
10 10 2
9 9 2
10 6 1
6 8 2
9 10 2
0 10 1
2 12 1
5 11 1
7 12 1
0 8 2
0 10 2
0 8 1
3 7 1
8 9 2
0 5 1
4 6 2
5 11 2
2 10 1
8 12 2
10 11 1
0 5 1
8 7 1
0 6 2
5 7 2
3 12 1
8 10 2
4 5 1
3 9 1
10 12 2
1 12 1
9 8 1
4 5 2
8 10 2
0 7 2
2 5 1
2 5 2
2 7 2
6 9 2
3 12 1
1 5 2
1 10 1
7 8 2
2 5 1
8 6 2
9 11 1
4 10 1
6 10 1
6 9 2
8 10 1
10 5 1
3 7 1
10 10 2
4 7 2
4 6 1
10 12 2
9 5 2
6 5 1
3 7 2
6 12 2
8 7 1
5 12 2
4 6 1
0 5 1
3 8 1
3 12 1
0 8 1
7 11 2
2 12 1
10 11 1
1 7 1
1 9 2
2 11 2
1 6 2
8 11 1
10 5 2
1 7 1
10 12 2
1 8 2
6 6 1
7 10 2
2 11 1
9 10 1
2 10 1
3 10 2
8 7 1
8 11 2
7 11 2
4 6 2
9 12 1
4 12 2
1 12 2
9 7 2
9 5 2
1 11 2
10 12 2
10 11 1
1 12 2
3 11 1
2 11 1
0 5 2
1 9 1
10 7 2
2 8 1
1 5 2
9 6 2
7 5 1
4 6 2
3 8 1
3 12 1
3 8 1
8 5 2
5 9 2
8 9 1
5 12 1
6 8 1
10 11 2
1 12 1
2 5 1
0 6 1
4 11 1
3 11 2
8 6 1
4 10 1
5 7 1
0 10 1
9 10 2
3 7 1
7 8 1
1 9 2
9 9 1
6 6 1
7 5 1
0 6 2
5 6 1
5 10 2
9 6 2
9 12 2
10 10 2
7 8 2
9 9 1
2 7 1
1 6 2
9 6 1
0 12 1
5 9 1
5 8 1
0 8 2
2 8 1
10 7 2
9 6 2
4 8 1
6 7 1
8 6 2
10 10 2
1 6 1
8 7 2
3 10 1
0 5 1
6 12 2
8 6 1
6 12 2
10 12 1
2 6 1
7 11 1
4 10 1
5 6 1
5 5 2
1 11 1
5 12 1
2 8 1
4 9 1
6 8 1
5 6 1
3 10 1
9 10 2
7 9 2
4 11 1
2 11 2
1 9 2
8 6 1
8 5 2
3 11 2
10 7 1
6 12 1
3 7 1
1 6 1
10 5 1
7 12 2
7 12 1
10 12 2
8 6 2
7 9 2
10 5 2
10 6 2
5 12 1
0 5 2
7 5 1
7 12 1
5 8 2
5 8 2
0 6 1
5 6 1
4 10 1
0 10 1
0 7 1
9 10 1
1 11 1
1 6 1
8 12 2
10 7 1
2 5 2
10 5 1
0 11 1
6 8 2
0 8 1
5 10 1
8 6 2
3 9 2
0 10 2
2 10 2
9 12 1
3 7 1
0 8 1
10 8 1
2 6 1
0 7 2
5 12 1
6 10 1
4 9 1
7 6 1
3 5 1
8 8 2
6 5 1
4 6 1
1 7 1
7 11 2
10 10 1
9 6 1
10 5 1
6 10 1
2 6 2
3 5 2
1 12 1
10 12 2
8 11 2
7 10 2
2 10 2
3 10 2
10 5 1
3 10 1
6 6 2
4 10 2
4 12 2
6 9 2
8 5 1
0 7 1
6 6 1
7 7 2
8 5 2
3 9 2
7 11 1
1 6 2
6 5 1
9 7 2
2 7 2
8 10 2
9 5 1
4 8 2
5 8 1
5 7 1
10 11 2
3 10 2
9 5 1
3 11 1
2 9 1
5 6 2
0 6 2
10 7 1
7 8 1
2 8 2
3 12 2
2 10 2
0 9 1
3 6 2
10 6 2
1 12 1
8 8 1
0 6 2
4 10 2
7 7 1
6 10 2
3 7 1
0 7 1
10 7 2
4 7 1
10 7 2
5 10 2
7 9 2
9 10 2
10 11 1
0 7 2
10 12 2
10 9 2
0 12 2
4 6 2
0 5 1
3 5 1
6 11 2
9 6 2
2 12 1
5 5 2
4 8 2
9 11 1
5 7 1
4 12 2
8 5 1
0 8 1
1 8 2
6 8 2
9 9 1
4 7 2
7 8 2
7 7 1
3 9 1
2 7 1
2 6 1
2 10 2
5 12 1
5 5 2
7 7 2
5 10 2
9 6 2
0 6 1
4 11 1
8 12 2
0 5 1
3 8 2
8 5 2
4 5 2
8 9 1
10 8 1
10 7 2
7 10 1
6 5 1
3 9 2
4 9 2
3 11 1
0 9 1
7 6 1
10 6 1
1 9 1
6 9 1
0 8 2
8 8 2
8 5 2
3 7 2
5 10 2
7 12 2
8 11 2
8 5 2
2 9 2
3 8 2
9 5 1
10 9 1
3 9 2
9 8 2
0 7 1
4 7 2
3 6 1
4 11 2
9 6 2
3 11 2
10 11 1
5 9 2
9 12 2
10 6 1
2 9 1
3 5 1
0 5 2
8 11 1
2 6 1
5 12 2
3 8 2
9 5 2
7 6 2
0 5 1
10 10 2
0 7 2
1 5 1
10 6 1
7 12 2
0 9 2
9 8 2
9 6 2
7 11 1
3 11 1
0 5 1
5 7 2
7 11 2
9 9 1
5 12 2
0 5 2
2 9 1
8 11 2
8 7 1
8 6 2
8 10 2
7 7 2
7 5 1
1 11 2
7 10 2
10 9 1
3 5 1
1 10 1
10 11 2
8 6 2
0 12 2
6 8 2
8 9 2
6 11 1
8 11 2
10 9 2
2 12 2
9 9 2
3 5 2
7 10 2
4 5 2
1 5 1
2 8 2
10 12 1
2 8 1
4 9 2
1 8 2
8 10 2
8 10 2
6 10 1
4 7 2
4 10 1
10 7 2
6 11 1
10 7 1
6 12 1
1 8 2
2 10 1
3 11 1
6 10 2
4 10 1
7 6 1
6 5 2
0 6 1
3 12 2
7 8 1
6 8 1
7 11 1
5 6 1
3 9 2
3 8 2
7 6 2
7 6 2
0 10 1
1 6 2
10 5 2
2 7 1
7 6 1
10 12 2
7 7 1
6 12 2
1 8 2
6 10 1
6 11 1
8 10 1
4 9 2
0 6 1
2 9 1
9 8 2
5 9 2
3 10 1
6 12 2
9 12 2
3 8 1
5 11 2
10 9 2
4 8 1
8 5 2
0 5 1
10 5 1
5 10 2
8 5 1
5 10 2
7 12 2
2 9 1
7 8 1
0 12 2
8 6 2
8 11 2
2 12 1
3 9 2
5 8 1
0 9 1
9 7 1
2 10 2
4 6 2
6 10 1
6 10 2
6 5 1
0 9 1
0 5 1
2 12 1
7 9 2
6 6 1
9 10 1
0 9 1
1 9 2
9 9 2
3 11 1
7 11 2
4 11 2
2 11 1
2 11 1
7 11 2
10 6 2
10 5 2
3 11 1
10 6 2
2 6 2
1 6 1
9 6 1
5 8 1
8 6 1
9 10 2
10 10 1
5 6 1
3 8 1
5 11 1
3 12 1
4 5 1
10 6 2
10 5 2
8 12 1
6 5 1
9 8 2
4 8 1
5 5 2
7 11 2
3 10 1
0 10 1
8 7 2
1 12 1
3 11 1
1 7 2
1 9 1
9 10 2
7 6 1
3 5 1
3 5 1
9 5 2
2 9 2
8 10 2
10 5 1
6 10 1
8 10 2
10 5 1
8 11 1
10 6 2
2 7 2
2 11 2
6 10 2
2 7 1
8 7 2
8 7 1
0 9 1
6 11 2
5 6 1
0 11 1
9 12 2
1 11 2
6 12 2
8 5 1
4 6 1
3 9 2
9 10 2
2 12 1
8 5 2
8 11 1
9 6 1
0 6 2
2 5 2
10 5 2
0 10 1
7 11 2
10 5 1
9 12 1
9 6 2
6 6 2
1 12 1
10 7 1
7 6 2
2 7 2
3 12 2
6 8 1
1 11 2
0 8 2
6 8 1
5 9 1
7 6 2
1 12 2
4 8 2
2 9 2
4 10 1
1 12 1
10 11 1
3 7 1
6 8 1
2 12 2
9 8 2
7 12 1
3 10 2
5 7 1
3 7 2
8 6 1
2 12 2
0 10 1
10 11 1
9 11 1
10 11 1
2 7 2
7 12 2
6 5 1
0 11 2
5 10 2
3 5 2
6 7 1
9 9 1
4 10 1
4 5 2
4 6 2
5 5 2
8 11 1
3 10 1
10 9 2
4 5 1
9 5 1
10 6 1
5 8 1
10 8 1
0 11 1
0 5 2
9 6 2
4 11 2
3 12 1
9 8 1
4 6 2
0 6 1
3 7 2
10 12 1
8 9 2
4 11 1
7 10 2
2 10 1
1 5 1
4 9 1
0 10 2
10 9 2
7 10 1
0 9 1
9 5 2
10 12 2
8 8 1
1 8 2
5 9 2
8 8 1
0 6 2
7 12 2
10 8 1
3 12 2
2 5 2
9 6 1
9 9 1
4 11 2
10 12 1
6 8 1
7 12 1
8 6 1
2 11 2
5 10 1
2 10 2
5 10 1
1 12 1
9 9 2
7 10 2
8 5 2
4 7 2
3 10 1
2 7 1
4 6 2
6 11 1
6 10 1
9 9 1
4 11 2
1 6 2
1 7 1
1 11 2
7 8 2
4 11 1
5 9 1
10 11 1
10 11 2
4 5 1
10 12 1
5 9 2
10 12 2
1 9 1
5 9 1
10 10 1
0 6 2
0 11 2
0 6 1
4 7 1
8 12 2
1 10 2
10 10 1
7 7 1
5 9 1
4 6 1
7 10 2
6 6 1
10 10 2
5 11 2
3 10 2
0 12 2
2 8 1
8 11 2
6 10 2
0 8 1
2 8 1
0 5 2
8 11 1
4 8 2
1 9 1
4 5 1
2 6 1
2 6 1
8 9 1
9 7 2
6 9 2
4 7 2
8 11 1
8 7 2
7 8 2
7 6 2
10 7 1
2 12 2
6 5 2
8 8 1
9 11 2
2 7 2
2 7 2
8 5 2
8 12 1
0 5 1
7 6 2
10 8 1
8 10 1
1 9 2
5 10 1
6 8 2
5 9 2
4 12 2
4 9 2
2 10 1
1 5 1
7 11 2
8 11 1
7 8 1
6 9 1
8 8 2
3 12 1
3 7 2
0 12 1
2 11 1
5 6 1
4 7 1
10 11 2
10 12 1
0 11 1
8 11 2
5 6 1
2 10 1
7 11 2
2 8 1
4 5 1
5 8 1
4 11 2
1 6 1
5 6 2
0 11 2
7 9 2
10 7 1
6 6 1
1 5 1
0 12 2
3 12 1
10 12 1
5 9 2
5 5 2
1 6 2
9 7 1
5 6 1
9 5 2
3 5 2
8 6 2
6 10 2
0 11 2
0 8 2
4 10 2
3 12 1
1 6 2
0 12 1
2 5 2
0 5 2
4 11 1
9 8 2
1 5 1
10 7 1
3 5 2
3 7 1
5 6 1
10 9 1
3 11 2
10 12 1
6 6 1
2 11 1
6 9 1
7 11 2
3 7 2
2 11 2
4 11 1
10 7 2
2 9 1
7 6 2
6 5 2
1 10 1
8 7 1
8 12 1
3 8 1
1 6 1
2 6 1
1 7 2
4 11 2
2 6 2
8 11 1
3 9 2
4 8 1
8 10 2
2 9 1
7 12 1
6 7 2
4 11 1
6 12 1
4 8 1
3 12 1
9 6 1
3 5 2
8 12 1
2 9 2
2 10 2
2 10 1
0 7 2
8 10 1
1 12 2
3 5 2
7 7 2
10 11 1
3 11 2
0 7 1
8 9 1
2 10 2
2 6 2
7 10 2
5 9 2
8 12 2
8 9 1
2 5 1
6 7 2
8 12 2
10 11 1
8 7 1
8 6 2
0 5 1
5 11 2
3 6 2
3 6 2
8 12 2
4 7 2
5 6 1
8 8 2
6 12 2
8 9 2
8 9 2
5 5 1
1 5 2
10 9 1
5 9 2
9 7 2
1 5 2
1 10 1
6 11 1
10 9 1
3 6 2
10 12 2
8 8 1
0 5 1
9 5 2
1 9 1
3 5 2
7 10 1
4 6 1
2 9 2
3 5 2
7 7 2
7 5 2
3 9 2
10 8 1
10 9 1
4 11 1
3 7 1
4 12 1
9 12 1
0 9 2
9 7 1
1 10 2
5 5 2
3 12 1
7 7 1
4 10 2
0 12 2
3 7 2
7 6 1
5 5 2
1 5 2
4 8 1
9 7 2
5 10 2
1 12 2
1 8 2
2 7 1
10 6 1
2 9 2
8 8 1
3 12 2
8 6 2
10 11 2
4 6 2
8 6 2
9 6 2
0 10 1
1 12 1
10 10 1
2 12 1
2 7 1
10 11 1
9 12 1
9 11 2
5 6 2
10 9 2
9 12 2
8 6 2
1 6 2
4 11 2
0 6 1
6 7 2
6 6 2
2 10 2
5 10 1
10 10 1
8 10 1
0 9 1
8 12 1
1 7 1
1 11 2
0 12 2
6 7 2
0 10 1
6 5 1
10 12 2
7 10 2
8 11 2
0 6 2
8 10 1
0 5 2
8 12 1
1 5 1
0 8 1
4 11 1
1 10 2
10 12 2
9 9 1
9 10 1
8 11 1
7 5 1
6 11 2
4 10 1
4 8 1
5 8 2
9 6 2
7 5 2
10 9 1
8 10 2
6 12 1
4 9 2
6 12 2
3 10 2
0 7 2
6 6 1
9 8 2
5 8 1
9 12 1
10 10 2
8 7 2
4 5 2
2 9 1
8 10 1
7 11 2
5 10 2
4 11 2
1 12 2
0 10 1
0 10 1
3 11 2
2 9 1
9 11 1
5 10 2
7 10 2
9 12 2
9 6 2
8 11 1
0 11 2
1 7 2
0 11 1
2 12 2
9 7 1
4 6 2
9 10 1
7 11 1
5 7 2
1 11 2
9 12 2
2 5 1
3 10 1
10 7 1
6 10 2
8 6 1
2 5 2
7 5 2
5 7 2
10 11 1
9 9 2
9 7 1
7 5 2
7 12 1
0 6 2
1 5 2
1 11 2
0 10 2
3 6 1
5 5 1
2 8 2
8 7 1
8 9 1
6 7 2
10 12 1
6 7 2
9 12 1
7 9 2
2 12 1
10 11 1
5 8 2
1 9 1
5 11 1
1 7 2
8 6 2
1 8 1
4 7 2
6 5 2
3 11 2
2 7 2
0 10 1
5 11 2
6 6 2
7 6 1
0 5 1
3 11 1
5 5 1
10 6 2
8 7 1
5 7 2
7 10 2
6 10 2
6 8 1
4 12 2
6 7 1
2 5 2
0 6 1
2 9 1
5 9 1
10 7 1
0 12 1
2 11 1
10 5 1
0 9 1
0 8 1
10 8 2
10 11 2
6 9 2
9 5 2
10 9 1
10 6 1
9 8 2
7 11 2
8 10 2
0 7 2
7 6 1
1 7 2
7 12 1
2 8 1
8 8 1
9 6 1
8 5 1
6 7 1
2 12 1
5 5 1
4 12 2
8 9 2
5 6 2
4 7 1
0 9 2
3 8 2
2 7 1
4 5 2
0 12 1
2 12 1
9 11 1
9 5 1
2 10 2
0 10 2
9 8 1
3 7 2
2 10 1
3 6 1
5 12 1
8 10 2
5 6 2
1 6 2
3 10 1
8 9 2
4 5 1
3 12 2
5 6 2
3 10 1
3 11 1
5 8 2
3 7 2
4 7 1
9 7 2
10 6 2
3 6 2
2 8 2
0 11 1
1 8 2
3 9 2
9 7 1
6 5 1
8 12 2
2 10 1
1 7 1
8 6 1
10 10 1
2 7 1
2 9 1
9 12 1
8 6 1
1 6 2
1 12 2
8 9 2
9 7 1
10 8 1
1 7 2
4 12 1
4 6 1
0 5 1
4 8 2
7 8 1
9 5 2
1 7 2
5 9 1
7 5 2
8 11 2
8 5 1
4 5 1
9 8 1
10 9 1
8 7 2
3 5 2
4 5 2
2 5 2
8 12 2
5 11 2
9 6 2
3 12 1
7 5 1
10 8 2
2 7 2
7 9 1
0 12 1
8 6 2
4 8 1
6 7 1
4 5 1
9 10 2
4 6 2
6 6 1
7 6 2
6 12 1
0 11 1
1 7 1
4 12 1
1 7 2
9 5 1
4 11 2
1 10 1
4 6 1
8 11 2
8 11 2
4 9 1
4 9 2
8 11 2
7 12 1
3 11 1
3 5 1
5 7 2
6 5 2
6 9 1
5 8 1
3 5 2
8 11 2
4 9 1
10 5 2
9 7 2
1 5 2
1 5 1
2 12 2
3 5 1
8 7 2
9 8 2
7 7 2
4 12 2
7 5 1
2 8 2
9 11 1
4 10 2
0 11 1
9 7 1
7 11 1
1 9 1
7 11 1
5 12 1
7 11 2
0 10 1
6 8 2
3 5 1
0 6 2
8 11 2
6 7 1
3 5 1
7 12 2
8 8 2
6 7 2
7 5 2
0 9 1
4 9 1
2 6 2
7 11 2
0 6 1
0 9 1
3 7 2
8 11 2
9 8 1
2 10 1
6 12 1
0 5 2
6 8 2
9 9 2
4 6 2
3 5 1
9 8 2
3 7 1
7 8 2
0 7 2
2 8 2
5 6 2
10 8 1
4 11 2
3 11 2
6 8 1
3 8 2
6 9 1
3 8 2
2 6 1
3 11 2
1 8 1
7 6 2
2 11 1
1 7 1
4 11 2
6 10 2
6 6 1
10 5 2
9 6 1
1 6 2
4 12 2
6 12 2
3 6 1
5 7 2
0 11 2
6 10 2
5 9 2
6 6 2
8 7 2
5 6 2
1 9 1
10 8 2
6 10 1
8 9 2
1 9 2
1 9 1
9 11 2
0 6 1
10 6 2
9 12 1
7 10 2
3 7 2
7 12 2
1 8 2
5 11 2
9 8 1
0 12 2
2 8 2
8 5 2
6 5 1
2 7 1
4 12 1
1 7 1
4 9 2
1 5 2
4 6 1
9 6 2
0 7 1
1 8 1
7 5 2
0 11 2
0 10 2
3 6 2
6 7 2
9 7 2
3 10 2
8 11 2
5 11 1
6 9 2
10 12 2
0 8 2
2 6 2
0 7 2
9 6 2
1 8 1
7 12 2
2 11 2
10 12 2
3 10 2
3 11 2
6 7 2
4 10 1
3 7 2
9 5 1
5 7 1
8 11 1
5 7 2
8 12 2
7 12 1
8 10 1
1 5 1
3 6 1
6 10 2
0 9 2
10 6 2
4 7 2
1 10 1
7 7 2
8 11 2
7 5 1
3 12 2
0 11 1
9 5 1
6 9 1
5 11 2
0 7 2
1 8 2
8 7 1
9 5 1
2 10 2
9 12 2
5 10 2
4 8 2
8 11 1
1 9 2
2 12 1
9 8 1
7 8 2
10 11 2
10 11 2
10 12 1
2 8 2
0 8 1
0 9 2
0 8 1
8 10 2
6 9 1
5 11 2
4 12 2
7 12 1
0 10 2
9 11 2
7 11 2
6 7 1
3 6 2
8 6 1
0 12 2
3 5 2
4 6 1
10 11 2
10 6 1
6 10 1
10 7 2
5 9 1
1 6 1
3 11 2
4 11 2
5 11 1
8 5 1
2 9 1
6 11 1
10 5 2
9 5 1
1 7 1
1 7 1
7 12 1
4 8 1
7 12 2
4 5 1
1 12 2
7 12 1
2 12 1
4 5 1
9 12 2
5 8 2
2 7 2
3 9 1
3 6 2
4 5 1
9 7 2
9 5 2
5 10 2
9 7 2
8 8 1
3 6 2
9 6 2
9 8 1
1 7 1
9 7 2
0 9 2
5 7 2
9 7 1
8 11 1
9 7 2
6 8 2
8 9 1
10 7 2
3 8 1
2 6 1
3 6 2
8 11 1
0 11 2
5 7 1
8 11 2
9 10 2
3 5 1
3 5 2
2 12 2
3 6 1
1 9 1
10 12 1
2 12 2
4 8 2
5 6 2
8 8 2
4 8 2
2 6 1
2 9 2
5 7 2
3 5 1
7 12 1
3 5 2
9 8 2
6 8 1
2 10 2
9 11 2
6 5 2
9 12 2
10 9 1
0 6 2
7 7 2
1 6 2
10 8 1
1 12 1
6 12 1
3 11 1
3 9 1
5 9 1
9 7 1
6 5 1
6 9 2
1 7 1
8 12 2
4 5 2
2 5 1
8 7 2
7 5 2
0 10 1
0 12 2
9 12 2
1 6 1
5 9 2
7 11 1
7 7 1
9 9 1
1 8 2
3 11 1
3 6 1
10 7 2
0 6 2
0 6 2
10 9 2
5 7 2
10 10 1
10 6 2
2 8 2
7 5 2
0 9 2
10 6 2
7 8 1
6 6 2
3 10 1
0 6 2
6 7 2
1 12 1
8 9 1
7 5 2
3 5 1
7 5 1
9 5 2
3 5 1
5 9 1
8 12 2
1 5 2
3 10 1
7 7 1
1 9 1
4 7 1
2 7 2
4 7 2
1 10 2
7 6 2
7 9 1
9 5 1
7 10 1
2 8 2
6 6 2
0 6 1
2 6 2
6 7 1
9 5 2
7 6 1
0 12 1
2 5 1
9 8 1
3 7 1
10 7 2
4 11 2
6 10 1
0 10 1
1 7 2
0 7 2
3 8 1
1 6 1
2 11 1
3 7 2
1 6 1
8 10 2
10 5 1
3 7 1
4 8 1
6 6 1
7 9 2
4 10 1
4 7 1
10 9 2
5 5 1
2 8 2
2 7 1
7 9 2
3 9 1
1 9 2
9 9 1
10 6 2
2 11 2
0 6 2
5 5 1
7 11 1
0 9 2
6 8 1
10 11 1
6 8 1
9 11 2
1 6 2
8 10 1
10 6 2
0 5 1
6 10 2
9 9 1
10 10 1
9 5 1
7 11 2
1 11 2
4 7 1
2 9 1
4 6 2
3 9 2
5 9 1
1 6 1
9 6 1
10 11 2
7 8 1
3 7 2
8 9 2
0 9 1
8 5 1
4 12 2
5 7 2
4 6 1
1 5 1
4 8 2
1 11 1
8 5 1
9 12 1
3 5 1
8 9 2
4 11 1
8 12 2
7 5 2
10 9 1
2 11 2
7 11 1
4 9 1
7 6 2
0 9 2
4 10 2
0 6 1
10 9 1
3 12 1
5 12 2
6 9 1
0 5 2
9 8 1
8 6 2
1 8 2
10 11 2
0 11 1
6 7 2
6 7 2
7 9 2
7 8 1
5 9 1
2 7 2
9 10 2
8 6 2
8 12 1
4 5 2
10 8 2
9 8 2
7 5 2
5 10 1
3 9 2
10 6 2
6 10 2
8 6 1
10 5 1
5 10 2
7 12 1
4 11 2
5 11 2
9 8 2
9 11 2
5 12 2
7 11 1
10 5 1
4 8 1
8 9 1
2 5 2
10 5 1
10 12 1
3 10 1
5 12 2
0 9 2
10 8 1
5 12 2
6 11 2
1 5 2
4 12 1
9 12 1
10 9 1
2 9 1
0 10 1
9 10 2
9 11 1
4 9 2
4 5 1
2 8 2
9 7 2
0 7 2
9 10 2
9 7 1
8 10 1
5 10 1
0 8 2
4 5 2
10 12 1
6 11 1
2 11 1
8 12 2
10 8 2
9 12 2
1 6 2
6 11 1
7 5 2
9 10 1
1 6 1
4 7 1
10 6 1
2 7 1
1 10 1
0 12 1
9 12 1
7 9 1
8 6 1
3 7 2
8 5 2
8 9 2
3 5 2
5 6 1
9 8 1
8 5 2
2 12 1
4 8 2
5 6 2
0 7 2
10 11 2
6 7 2
9 8 2
9 8 1
2 7 1
5 8 1
9 9 1
6 12 2
7 6 1
2 6 1
2 11 2
2 11 1
8 9 1
0 11 1
3 12 2
0 8 2
0 12 1
1 7 1
3 9 1
1 8 2
0 8 2
10 9 1
4 12 2
9 6 1
3 5 1
7 11 2
3 7 1
1 9 2
2 6 1
5 8 2
4 7 1
7 6 1
4 8 2
0 5 2
2 8 1
8 10 1
4 12 2
2 7 1
2 11 1
3 6 2
3 5 1
2 8 2
10 11 2
5 6 2
8 9 2
2 10 1
10 9 2
9 10 1
10 5 1
2 10 2
8 5 2
10 9 2
6 9 1
9 5 2
2 6 1
3 10 1
10 8 1
5 10 2
6 10 2
1 6 1
1 6 1
1 11 1
0 6 2
6 9 1
10 7 2
7 5 2
10 9 2
10 7 2
2 5 1
2 8 1
1 10 1
5 10 2
1 10 2
7 10 1
4 7 1
1 5 1
9 7 2
6 12 1
10 10 2
8 12 2
6 5 2
6 6 1
7 5 1
4 6 2
2 9 1
0 7 1
6 12 1
0 7 1
1 11 1
7 6 1
8 9 2
0 5 1
6 9 2
4 9 2
9 10 1
5 9 2
2 12 2
1 8 2
6 7 1
5 8 2
3 10 2
0 5 1
0 6 2
3 12 1
6 9 1
5 6 1
7 5 2
5 8 2
6 8 1
2 9 1
7 9 2
10 10 1
0 6 2
2 7 1
2 7 1
10 11 1
6 10 1
6 11 1
4 12 2
1 11 1
3 8 2
0 5 1
10 11 1
9 9 1
9 5 2
8 9 2
2 7 1
5 6 2
5 9 2
7 12 2
9 9 1
0 10 1
3 12 1
10 7 1
7 12 2
1 5 1
3 7 2
3 10 1
7 6 1
0 7 2
1 10 1
3 8 2
10 8 2
0 11 2
6 7 2
6 11 1
9 12 1
2 10 2
8 10 1
4 12 1
0 6 2
4 7 2
7 11 1
6 6 1
6 9 1
9 9 1
4 10 2
6 8 2
8 8 1
5 7 2
10 9 1
7 5 2
3 5 2
3 11 1
0 9 1
3 11 1
4 6 1
9 7 1
5 7 1
3 9 1
1 9 2
6 12 2
6 7 2
10 9 1
4 6 2
8 6 1
8 5 1
8 8 1
7 9 2
10 6 2
1 6 2
2 8 1
4 5 1
10 8 2
5 6 2
0 10 1
0 10 2
1 7 1
5 8 1
5 7 2
5 9 2
8 6 2
2 12 1
10 10 1
1 6 2
0 8 2
5 10 1
2 11 2
5 7 1
9 8 2
7 7 2
3 12 2
1 5 1
4 10 1
0 8 2
4 10 1
2 5 2
9 12 1
2 12 2
0 12 1
8 8 2
1 8 1
7 8 1
10 5 2
6 7 1
6 11 2
0 10 2
4 9 1
3 10 2
5 7 1
8 6 2
4 5 1
2 12 1
10 12 1
9 11 2
3 9 2
6 12 2
1 9 1
7 11 2
2 10 1
5 7 2
7 9 2
1 12 1
3 7 2
6 5 1
2 12 1
4 11 1
9 10 2
2 7 1
5 5 1
3 6 2
3 5 2
5 9 1
0 7 2
9 10 1
2 5 2
7 10 1
0 7 1
8 5 1
8 6 2
9 11 2
2 11 2
0 5 1
1 6 2
8 11 2
4 10 2
9 9 2
6 7 1
9 6 2
5 7 2
10 12 2
5 7 1
4 8 1
1 11 2
8 6 2
4 10 2
7 11 2
1 11 2
1 10 2
3 10 2
6 6 1
0 9 1
3 12 2
3 6 2
3 12 1
9 10 2
9 11 2
9 7 2
10 10 2
9 10 1
3 6 2
6 9 2
2 5 1
5 9 1
3 8 2
8 8 1
7 11 1
1 11 2
5 8 2
2 11 2
8 9 2
7 5 1
2 11 2
4 11 1
5 11 1
9 6 2
10 9 1
9 10 1
7 8 2
6 6 1
9 8 2
0 7 1
0 6 2
1 12 1
10 7 1
5 8 1
7 7 1
5 12 1
7 6 1
3 11 2
2 8 1
1 7 1
7 9 2
6 9 1
2 9 2
2 12 1
6 7 1
8 7 1
7 10 1
8 7 2
9 12 2
8 12 1
1 7 2
7 6 1
10 11 1
4 5 2
1 7 1
3 9 1
10 9 1
0 8 1
7 11 2
10 7 1
3 11 2
8 5 2
3 12 2
9 6 2
2 8 1
8 10 1
3 9 1
8 5 1
1 8 2
10 5 1
2 5 2
9 11 1
4 6 2
2 10 1
7 5 2
8 8 1
8 10 1
5 7 1
3 7 1
8 7 2
4 9 1
4 5 2
10 9 1
0 9 2
1 8 2
1 11 1
5 5 2
10 9 1
9 6 2
0 8 2
7 12 1
5 8 2
4 8 2
7 11 2
1 12 2
8 6 2
3 11 1
10 6 1
0 6 2
4 11 1
7 5 1
7 12 1
8 12 2
7 11 2
10 9 2
5 11 2
6 10 1
8 7 1
6 7 2
4 7 2
0 11 2
5 5 2
3 9 2
7 8 2
0 6 2
5 10 1
3 6 1
3 8 1
6 8 2
2 8 1
7 8 1
0 5 2
3 9 1
1 9 2
1 5 1
8 9 2
1 7 1
10 7 2
3 11 2
6 5 1
2 6 1
2 11 2
9 5 2
9 8 1
10 6 2
3 9 1
6 9 1
9 11 2
8 12 1
3 11 1
0 10 2
8 5 2
10 5 2
10 8 1
7 8 1
8 10 2
9 6 2
8 5 2
2 7 2
7 6 2
3 9 2
6 5 2
0 5 1
4 6 1
7 10 1
7 9 2
0 6 1
7 10 1
0 10 2
9 9 1
0 10 2
9 8 2
7 12 2
7 12 1
3 8 1
10 8 1
7 10 2
4 7 1
1 9 2
4 5 1
6 6 2
7 6 1
9 12 1
0 5 1
4 11 2
10 10 2
5 11 1
7 10 1
9 6 2
10 7 2
5 12 2
3 11 1
6 7 1
8 6 2
6 10 2
10 8 1
6 9 1
2 10 2
6 9 1
8 10 1
7 7 2
7 11 1
1 7 1
9 8 2
0 12 2
7 6 1
10 8 2
6 10 2
7 7 1
9 8 2
10 10 2
7 9 2
2 10 2
10 5 2
5 10 1
2 6 1
9 5 1
0 12 1
6 9 2
2 11 2
5 5 2
6 6 2
6 9 1
9 9 2
4 5 2
5 8 2
5 8 2
2 9 1
0 6 2
9 5 1
4 7 1
8 6 2
2 11 2
1 9 2
5 5 2
10 5 2
5 5 1
9 7 2
1 7 2
0 10 1
9 10 1
1 6 1
1 5 2
7 9 2
8 8 2
10 6 2
1 8 1
9 8 1
7 7 2
3 9 1
2 9 2
6 10 1
5 12 2
6 5 1
8 9 2
8 11 2
4 5 2
9 5 2
10 8 1
7 12 1
9 9 1
4 7 1
4 7 1
5 6 2
2 7 2
7 7 1
8 7 2
2 11 1
0 6 2
2 6 1
8 10 1
3 7 2
9 10 1
4 10 1
7 8 2
5 9 2
4 10 1
4 6 2
7 12 1
3 7 2
2 7 1
5 6 2
0 12 1
1 8 2
1 8 1
8 5 2
2 6 2
4 7 2
7 8 2
6 8 1
3 10 1
3 11 2
2 5 2
5 12 2
3 11 2
10 6 2
8 11 1
1 5 1
8 9 2
4 11 1
0 6 2
9 7 2
4 11 2
8 12 2
3 9 2
6 12 1
0 6 2
9 6 1
3 6 1
9 12 2
4 10 1
2 6 2
0 11 1
3 11 1
2 9 1
10 12 2
4 11 2
2 12 2
4 5 1
8 7 2
9 9 2
10 8 2
10 7 1
4 12 1
1 11 2
0 12 2
6 7 2
8 10 1
2 7 2
3 5 2
3 5 2
4 11 1
2 10 2
1 11 1
10 11 2
2 8 2
3 5 2
2 11 2
5 7 1
0 9 1
10 6 1
4 5 1
8 5 1
9 9 1
5 7 1
1 10 2
2 8 2
4 9 1
5 8 1
5 12 1
0 10 2
1 7 2
9 5 1
6 11 2
3 11 2
0 9 1
2 12 2
10 10 1
5 8 2
6 8 2
7 6 2
5 8 1
0 12 1
3 9 1
4 7 1
8 10 1
8 8 2
6 12 1
8 8 1
3 9 2
0 8 2
5 10 2
4 9 2
2 10 1
3 8 2
5 10 1
0 9 1
0 8 2
2 9 1
8 7 1
4 10 1
1 7 1
0 8 1
10 5 2
2 9 1
5 6 2
2 12 1
10 6 1
1 6 1
3 11 2
3 8 2
1 12 2
7 12 2
8 8 1
1 12 2
10 6 2
1 8 1
0 12 2
10 11 1
7 9 1
7 5 1
2 6 1
7 12 2
4 10 1
9 6 2
10 8 2
3 8 2
4 6 1
2 9 1
4 6 1
0 5 1
6 12 2
4 12 2
5 12 2
9 8 1
7 9 2
2 6 2
8 11 1
4 8 2
0 5 2
5 10 2
7 6 1
1 9 1
9 11 2
0 12 2
7 7 1
5 6 2
6 5 1
8 10 2
9 9 2
0 6 2
3 11 1
9 5 1
9 7 2
8 8 2
2 5 2
1 12 1
4 11 2
5 11 1
7 10 2
10 11 1
8 9 2
10 9 2
7 5 2
9 5 2
7 11 1
6 6 2
6 9 2
1 9 2
8 7 2
4 9 1
9 7 1
8 6 1
10 10 2
2 11 1
5 8 2
4 11 1
2 11 1
1 10 2
7 5 2
1 10 1
0 5 1
2 12 1
1 9 2
1 10 2
10 5 1
7 12 1
1 7 1
4 11 2
4 12 2
6 5 2
9 8 1
9 10 2
9 7 1
10 12 2
6 11 2
1 9 1
8 12 1
10 12 2
4 11 1
9 12 1
1 5 2
3 7 1
0 12 2
7 12 1
8 12 1
10 5 2
4 7 2
5 5 1
9 12 1
0 6 2
0 10 1
10 9 1
0 6 1
9 12 2
8 7 2
6 7 2
8 5 2
2 7 2
10 6 2
9 11 1
5 7 2
8 6 1
10 5 2
7 6 1
0 5 1
5 9 2
5 7 2
10 9 2
0 8 1
9 8 2
2 9 1
6 8 1
8 5 1
4 7 1
5 5 1
3 9 1
2 8 2
6 5 1
0 7 2
5 12 2
7 6 2
8 9 2
1 6 2
10 7 2
0 7 2
5 11 1
10 10 1
10 12 1
2 6 1
8 5 2
2 10 2
9 10 1
5 8 1
6 6 2
7 9 2
3 6 1
4 12 2
10 11 1
1 7 2
3 6 2
7 8 2
5 12 2
10 5 1
10 8 2
6 12 1
10 7 2
4 12 1
1 6 1
5 12 1
5 5 2
10 10 1
1 8 1
1 6 1
9 5 2
7 9 1
5 6 2
10 9 2
3 9 1
3 7 1
1 11 2
6 10 1
6 7 2
3 7 1
5 8 1
10 5 1
7 9 2
10 8 1
2 5 2
7 5 2
8 9 2
8 7 2
8 6 1
6 12 2
0 12 2
5 12 1
1 8 1
6 6 2
6 12 2
7 7 1
10 5 1
3 11 1
6 5 2
2 5 1
9 6 2
7 11 1
4 9 1
5 12 2
0 5 1
7 10 2
5 5 2
2 8 2
6 8 1
5 11 2
0 9 2
5 7 2
0 7 1
8 6 1
3 7 1
6 7 2
0 10 2
3 11 1
10 10 1
0 12 1
10 9 1
5 5 2
3 7 1
7 7 2
7 9 2
8 10 2
5 5 2
6 5 1
8 8 1
5 11 1
0 11 2
9 8 1
6 11 2
7 9 2
5 8 1
0 11 1
2 12 1
9 10 1
6 5 2
10 6 2
2 11 2
2 7 1
0 8 1
1 7 1
2 8 2
9 11 2
4 10 1
3 12 2
6 5 1
6 8 2
2 11 2
1 6 2
2 5 2
5 6 2
0 11 1
9 7 2
6 12 1
6 7 2
3 8 2
0 12 1
9 5 1
5 12 2
3 11 1
9 7 2
1 6 1
9 6 1
3 10 2
7 12 1
9 9 2
0 6 1
5 6 2
7 10 1
3 10 1
2 9 1
9 6 1
7 7 2
0 8 2
7 6 2
6 7 1
3 8 1
9 5 2
3 5 2
1 5 1
3 9 1
0 11 1
3 9 1
10 6 1
8 12 2
4 10 2
3 8 2
7 10 1
6 6 1
5 8 2
1 8 2
8 7 1
4 11 1
4 5 2
6 5 1
8 9 2
9 10 1
2 6 1
6 11 2
9 8 2
5 6 1
8 7 2
2 10 1
2 10 1
3 11 2
0 5 2
9 9 2
9 8 1
5 8 2
1 7 2
6 10 1
4 10 1
2 6 2
7 6 2
7 11 2
10 7 2
5 10 2
2 7 2
1 10 2
8 12 2
0 8 2
4 7 2
2 11 2
6 10 2
10 6 2
10 7 1
0 9 2
0 12 2
4 8 2
2 7 1
5 8 2
6 11 1
1 8 2
10 10 2
6 10 2
8 8 2
9 12 1
1 12 1
4 6 1
6 10 2
1 5 1
3 10 2
4 10 1
9 8 1
1 7 2
6 8 1
1 5 1
0 6 1
6 10 2
5 5 2
3 12 2
2 11 1
3 5 1
7 12 1
7 5 1
10 11 1
3 5 1
3 8 1
9 6 2
8 5 1
10 9 2
7 9 2
3 12 2
3 12 1
9 10 2
5 12 1
6 11 2
3 9 1
4 9 2
5 8 1
4 10 2
5 8 1
4 8 2
1 11 1
8 8 1
4 9 2
0 10 2
3 11 2
0 5 2
3 11 1
10 7 2
0 11 1
10 7 2
5 11 2
7 7 1
9 12 1
2 5 1
4 8 1
0 7 1
6 6 1
7 9 2
2 6 2
1 9 2
6 6 1
1 10 2
0 10 1
5 7 2
2 5 1
9 9 2
4 12 2
1 6 1
6 12 2
9 10 2
7 5 2
5 8 2
8 9 1
6 8 2
4 6 1
6 10 2
10 10 2
7 8 1
10 7 1
0 10 1
9 8 2
3 9 1
8 6 2
0 9 2
6 7 2
2 6 2
5 9 2
4 12 2
5 10 1
0 9 2
8 12 1
7 9 2
3 12 2
10 6 1
3 10 2
9 10 2
2 8 1
1 6 2
9 9 2
3 10 1
3 5 1
7 11 2
7 6 2
3 6 1
2 10 2
10 8 1
6 8 2
4 10 1
5 8 1
3 11 1
2 8 2
2 12 2
6 7 2
10 9 1
7 8 1
8 11 2
3 5 2
4 11 2
9 10 2
2 8 1
3 12 1
2 11 1
3 10 1
0 7 1
7 8 1
1 12 2
2 8 2
1 11 2
4 12 1
5 10 1
0 10 2
5 6 1
8 5 2
1 12 2
5 5 2
4 11 2
7 6 1
3 6 1
8 10 2
7 6 2
9 9 1
6 11 2
7 6 2
6 7 1
7 8 1
10 7 2
1 8 1
5 7 2
1 8 1
2 10 1
10 6 2
6 11 1
7 8 2
5 7 2
0 12 1
6 5 1
1 7 2
9 11 1
6 11 1
10 11 1
3 7 1
1 12 1
7 12 1
8 11 1
4 11 1
10 10 2
5 5 1
8 7 1
10 10 2
7 5 2
3 10 1
9 6 1
4 12 2
5 8 2
2 12 1
3 11 2
0 12 2
2 10 2
8 10 2
8 9 1
4 6 1
10 6 2
5 7 1
8 7 2
1 6 1
9 8 2
9 12 2
0 9 1
5 8 2
8 6 2
4 12 2
7 12 1
7 8 1
9 10 1
4 8 1
3 7 1
6 8 2
0 8 2
9 7 1
4 11 2
0 12 2
4 12 1
6 10 2
6 6 2
5 6 1
9 9 1
1 11 2
6 9 2
7 7 1
5 9 2
4 12 1
6 8 2
0 6 1
2 12 1
2 9 1
9 10 2
5 6 2
1 5 1
3 8 2
3 7 1
3 6 1
9 7 1
0 7 2
6 11 1
8 12 2
1 7 2
6 8 1
5 8 2
0 9 1
7 5 1
8 9 2
0 5 2
5 6 1
4 8 2
8 8 1
4 11 2
8 10 1
7 5 2
3 9 2
7 12 2
5 7 1
8 5 1
4 8 2
7 5 2
2 7 2
8 5 1
7 12 1
3 10 1
6 10 2
0 9 2
10 6 2
10 10 1
10 10 1
5 10 2
4 6 2
4 5 1
0 8 1
10 9 2
9 5 2
9 8 2
10 10 2
7 9 2
6 7 2
2 11 1
6 10 1
5 5 2
6 7 2
6 9 1
1 6 1
1 5 2
1 11 2
10 8 2
9 8 2
1 11 1
0 10 1
5 8 1
1 8 1
3 10 1
5 5 1
3 10 2
5 5 1
10 6 2
2 8 1
4 9 1
5 11 1
1 8 1
7 9 2
0 11 2
2 8 1
2 8 2
4 10 1
0 10 1
7 11 2
5 11 2
0 6 2
0 5 2
4 6 2
4 12 1
7 7 1
5 9 1
1 8 2
3 8 1
6 10 1
9 10 2
5 11 2
10 10 2
0 6 1
10 7 1
4 10 2
2 12 2
0 9 2
7 11 1
2 12 1
7 12 1
3 7 1
8 8 2
2 11 2
10 9 2
7 9 2
4 5 1
1 7 2
8 10 2
4 8 2
5 7 2
7 5 2
8 9 2
4 9 2
0 6 2
2 8 1
2 10 1
3 10 1
10 5 1
9 7 1
0 11 1
6 11 2
7 11 2
6 8 2
6 12 2
7 5 2
4 12 1
0 10 1
5 11 2
8 8 1
1 12 1
5 8 2
7 7 2
7 8 2
2 7 2
3 12 1
1 11 1
4 7 1
4 9 2
4 9 2
8 6 2
8 11 1
1 7 1
10 8 1
0 8 2
8 12 1
10 6 1
3 9 2
4 10 2
0 12 1
6 7 1
4 6 2
4 10 2
9 9 2
9 7 2
6 10 2
1 7 2
8 9 1
3 12 1
5 10 1
9 10 2
9 7 2
7 11 1
2 7 2
4 6 2
10 6 1
2 12 1
6 8 1
0 5 1
5 7 2
6 5 2
9 9 1
7 5 1
6 6 2
10 6 1
2 6 1
10 12 1
1 7 2
5 5 2
6 11 2
5 6 2
4 5 1
2 7 2
2 11 2
6 5 2
9 5 1
4 7 1
7 8 1
10 11 2
5 6 1
2 9 1
1 10 1
0 12 1
9 9 2
5 11 2
5 8 2
0 10 1
1 5 2
1 11 2
9 11 2
3 11 2
4 5 2
10 6 2
1 7 2
7 10 2
1 11 2
7 5 2
8 11 1
7 9 1
6 9 2
5 9 2
1 10 1
4 6 1
7 7 2
9 6 2
3 11 1
9 10 2
8 10 1
4 8 1
7 12 2
8 8 2
1 8 1
10 8 1
6 8 2
8 6 1
9 11 1
8 6 1
5 11 2
0 12 2
1 9 2
2 12 1
9 11 1
9 5 1
6 5 2
6 9 2
1 6 1
10 9 2
3 10 1
8 5 1
0 8 2
0 7 2
3 11 2
1 7 1
5 11 1
8 7 2
1 6 2
8 5 2
4 5 2
6 10 2
5 12 1
8 12 2
7 11 1
4 5 1
7 8 2
4 9 2
5 10 2
0 5 2
8 10 2
10 11 2
10 7 1
5 6 2
10 10 1
8 9 1
8 8 1
5 5 1
0 12 1
10 9 1
4 6 1
9 12 1
7 5 2
1 5 1
9 10 2
1 7 1
6 9 2
0 7 2
2 8 2
2 8 1
0 10 2
2 10 2
8 11 2
1 9 2
2 10 2
8 5 1
1 6 1
2 11 1
4 12 1
7 12 2
4 10 1
7 7 2
7 11 1
1 9 1
10 11 2
6 9 2
8 5 2
0 10 2
7 5 2
10 8 2
2 10 2
3 11 1
3 9 2
8 8 1
4 9 2
8 11 2
9 8 1
3 7 2
10 6 2
2 5 1
8 8 2
6 11 2
7 10 2
0 9 2
3 7 1
0 11 2
4 6 2
5 10 1
9 9 1
3 8 1
0 6 2
6 5 1
6 10 1
6 8 2
6 10 1
2 10 2
9 11 1
7 10 1
0 7 2
5 9 1
3 10 2
0 6 1
10 5 2
0 9 2
2 11 1
2 7 2
7 5 1
9 8 1
7 5 2
9 12 2
5 12 1
0 8 2
4 7 2
2 5 1
5 11 2
8 6 2
9 11 1
1 9 2
9 7 1
0 6 2
2 8 1
7 5 2
7 8 2
9 12 2
3 9 2
7 5 1
5 11 2
5 12 2
7 12 2
5 8 1
1 5 2
9 7 2
4 12 1
7 7 2
8 10 1
10 12 1
10 6 2
6 11 2
3 11 2
9 7 2
7 7 1
3 8 1
1 10 2
8 9 1
3 10 2
10 8 2
4 11 2
5 11 1
2 12 1
7 6 2
3 7 1
2 9 1
9 12 1
10 11 2
8 7 1
10 10 2
8 7 1
6 7 1
9 5 1
10 8 1
8 10 2
6 5 2
9 7 2
9 10 2
3 7 1
2 10 2
5 7 2
6 8 2
2 6 1
10 11 1
7 9 1
7 6 1
2 7 1
8 10 2
7 11 2
0 6 2
6 7 2
3 10 2
3 9 1
2 7 1
0 5 2
10 5 2
4 7 1
8 11 1
9 8 2
5 7 2
4 11 2
0 11 2
3 8 1
8 7 2
6 9 2
2 10 1
6 6 2
7 7 1
7 10 2
9 7 1
5 12 1
9 8 1
4 12 2
0 12 1
2 9 2
4 6 2
5 10 2
1 9 1
3 8 1
5 5 1
1 12 1
10 8 1
2 12 2
8 12 2
0 7 2
6 11 1
6 6 2
1 9 1
2 7 1
3 6 2
6 10 1
10 9 1
5 10 2
3 11 1
3 5 1
8 6 1
10 11 1
7 7 1
4 6 2
2 7 1
10 7 2
9 12 1
7 7 1
9 11 2
6 5 2
0 10 2
4 10 1
3 9 2
2 10 1
0 12 2
4 8 2
6 11 1
2 12 1
4 9 2
1 9 2
0 8 1
7 12 2
7 9 2
5 6 2
9 7 2
4 5 2
2 8 2
6 10 1
8 9 1
10 11 1
3 6 2
10 10 2
4 9 1
9 12 2
10 8 2
10 11 2
1 7 2
4 9 2
8 12 2
8 8 1
4 5 1
6 5 2
5 10 2
6 7 2
1 8 1
3 8 2
0 8 1
5 10 1
0 12 2
8 10 2
8 6 1
10 5 2
1 5 1
5 12 1
6 11 1
1 9 2
10 7 2
2 10 2
3 7 2
10 11 1
2 7 1
5 7 1
8 5 2
5 7 1
9 10 2
2 10 1
0 11 1
6 7 2
0 5 2
6 7 2
1 8 2
1 6 2
9 10 2
0 11 1
3 6 1
2 7 1
8 7 2
1 5 1
9 5 2
4 9 1
9 6 2
4 11 1
0 9 2
10 11 1
7 9 1
4 10 1
8 6 1
4 9 1
4 8 1
10 7 2
4 12 2
2 7 2
5 9 1
3 6 2
0 8 1
10 9 2
4 7 1
7 8 2
4 7 1
3 12 1
5 8 1
1 8 1
8 8 2
5 5 2
6 5 1
3 8 1
4 8 2
7 12 2
0 5 2
3 8 2
4 11 1
5 10 2
7 9 2
4 12 2
4 6 2
3 6 1
9 9 2
6 7 2
4 6 1
10 7 2
6 11 1
7 11 2
9 12 1
2 6 1
3 8 2
3 7 2
7 6 2
0 9 2
8 10 1
2 8 2
9 9 2
5 11 1
0 8 2
4 9 1
3 5 1
5 7 1
9 10 1
3 8 1
5 10 2
6 12 1
2 6 2
9 7 1
2 12 2
1 5 1
9 8 1
4 9 2
3 5 2
6 7 1
8 10 2
9 7 1
0 10 2
2 9 2
6 12 2
8 9 2
7 6 1
1 5 2
10 7 1
7 11 1
10 12 2
2 6 2
3 12 2
5 10 1
6 8 1
3 12 1
4 10 2
3 6 1
5 11 1
10 6 1
2 6 1
10 5 1
9 10 2
9 12 2
3 6 1
6 6 1
8 8 2
7 6 2
10 12 2
8 12 2
9 8 2
3 5 2
5 7 2
7 6 1
4 9 2
4 8 2
7 10 1
4 10 1
1 11 2
7 10 1
8 11 1
0 12 1
1 12 1
3 10 2
10 9 2
9 10 2
9 6 2
9 9 2
4 11 1
9 5 1
2 5 1
3 7 1
6 12 1
0 7 2
3 5 1
9 10 1
2 10 1
6 11 1
6 6 1
1 9 1
4 5 2
4 11 2
6 8 2
4 7 1
10 7 1
10 6 2
7 7 2
7 6 2
10 6 1
9 5 1
2 8 2
5 12 2
9 11 2
8 10 1
1 6 2
5 6 1
3 8 2
0 12 1
3 8 1
3 6 2
4 9 1
10 7 2
7 8 1
10 12 1
2 11 2
1 12 2
6 11 1
6 5 1
6 5 2
10 11 1
9 10 1
9 5 1
10 9 2
9 9 2
6 7 2
9 6 1
0 6 1
6 11 1
7 7 2
9 7 1
9 9 2
9 12 2
2 7 2
9 7 1
8 6 1
7 9 2
6 12 1
3 7 1
1 10 2
9 5 2
7 7 1
10 10 2
6 10 1
5 8 2
2 6 1
2 10 2
4 10 2
4 12 2
3 12 1
2 10 1
8 12 1
9 9 1
5 6 1
4 9 1
1 5 1
8 6 1
4 10 1
3 10 2
5 6 1
2 8 2
3 8 1
4 10 2
0 5 2
7 7 1
7 11 2
2 10 1
4 10 2
0 8 1
3 10 2
10 7 2
7 7 1
2 9 1
1 5 1
10 10 2
5 12 1
10 11 1
3 6 2
2 12 2
8 6 2
9 7 2
5 5 2
4 9 1
1 12 2
9 11 1
9 6 2
6 11 1
3 6 2
10 9 1
1 11 1
10 12 1
2 6 1
1 10 1
1 11 1
2 7 1
0 8 1
0 6 1
6 5 2
0 5 2
8 5 1
4 8 2
9 6 1
0 12 1
5 11 1
9 6 2
9 11 2
9 10 2
9 8 2
7 12 1
3 10 1
7 7 2
7 6 2
2 6 1
1 9 1
3 6 2
7 6 2
6 8 1
4 12 2
4 7 2
0 5 1
7 6 2
6 12 2
0 8 1
1 12 2
7 7 2
1 9 1
6 5 1
8 10 2
10 10 1
5 9 1
5 10 2
0 7 2
8 9 1
8 10 2
4 6 2
2 8 1
2 8 1
7 6 1
3 7 1
9 6 1
6 9 1
10 10 2
2 9 2
6 8 2
9 9 1
5 11 1
0 7 2
1 9 2
10 10 2
7 6 2
4 10 1
9 6 2
8 8 2
0 11 1
8 12 2
5 5 2
3 9 2
4 10 1
10 7 2
6 11 1
5 10 2
0 8 1
0 8 2
1 8 2
7 6 1
6 6 1
5 7 1
5 8 1
7 11 2
10 5 2
1 5 1
1 8 2
8 10 2
2 9 1
6 11 1
0 9 2
5 7 1
10 9 1
1 10 1
5 6 1
1 8 1
8 6 2
1 8 2
3 6 2
1 7 1
9 9 2
8 10 2
4 6 1
9 5 1
6 10 1
8 12 1
4 9 2
9 12 2
0 10 1
5 12 1
10 9 2
2 9 1
2 10 1
2 7 1
2 12 2
0 7 1
6 11 1
3 8 2
3 7 1
3 5 2
3 5 1
0 7 2
2 9 1
7 11 1
6 8 1
6 6 1
5 8 1
10 9 2
1 12 1
0 9 1
2 5 2
7 10 1
5 6 2
9 7 1
3 12 2
8 6 1
9 10 2
7 5 2
5 10 1
7 11 1
10 9 1
3 8 2
6 5 1
10 5 2
10 8 1
5 10 2
7 5 1
2 10 1
4 6 2
5 8 1
6 9 1
7 12 1
0 8 2
8 5 2
4 10 1
9 9 1
0 12 1
0 10 2
6 9 2
3 10 1
0 9 2
7 12 2
0 9 1
5 11 1
6 12 1
6 6 2
2 12 1
9 12 1
1 10 2
9 9 2
4 5 1
5 6 2
3 10 1
6 7 2
9 10 1
8 12 2
7 12 1
4 7 2
10 6 2
3 8 1
10 7 1
10 9 2
6 10 2
2 10 2
5 7 2
7 11 1
5 5 1
6 9 1
10 8 2
3 6 2
9 8 2
7 9 1
3 10 1
10 11 1
10 11 1
5 9 2
0 5 2
5 9 1
10 6 2
4 5 1
2 5 2
0 12 1
7 7 1
1 8 2
9 10 1
0 11 2
0 8 2
5 10 2
9 12 2
6 8 1
10 6 2
9 6 1
4 7 2
10 6 1
7 11 2
7 11 2
3 5 2
3 10 1
5 5 2
6 10 2
1 10 1
6 12 2
8 9 1
3 9 2
1 6 1
3 8 2
3 12 1
5 5 1
9 7 1
4 6 1
6 6 2
8 5 2
8 9 2
10 8 2
1 6 2
4 11 1
9 7 2
2 9 1
1 10 2
7 11 2
5 8 2
3 9 1
7 7 2
3 11 2
6 11 2
8 10 1
10 6 1
2 5 1
4 9 2
5 12 2
0 5 1
4 7 2
4 12 2
6 7 2
10 9 1
5 12 1
8 10 2
3 10 1
3 8 2
0 7 1
5 12 2
8 8 1
2 5 2
8 8 1
4 8 1
6 6 2
2 8 2
7 7 2
0 12 2
10 10 1
9 10 1
0 10 2
8 5 2
1 7 2
0 12 1
6 8 2
4 7 1
10 11 2
5 10 1
2 11 1
3 7 2
8 10 1
4 8 1
7 8 1
0 5 1
8 7 2
9 5 2
6 7 1
2 12 1
1 11 2
6 10 2
9 7 1
4 11 2
7 7 2
1 12 1
1 5 1
4 12 1
4 6 1
4 6 1
7 11 1
9 7 1
9 9 2
4 8 1
8 5 1
5 10 2
5 10 2
1 9 2
5 12 1
10 10 2
1 12 2
4 7 1
8 9 1
3 12 2
6 12 1
2 11 1
9 7 2
8 10 2
9 5 2
10 6 2
3 10 2
0 10 1
2 6 2
8 9 1
5 6 1
3 8 2
2 9 2
4 5 1
0 7 2
0 11 1
2 6 1
9 10 2
10 12 1
4 8 2
6 11 1
4 5 1
2 9 1
2 6 2
6 7 2
1 6 2
7 11 1
6 7 1
10 7 1
4 6 1
5 8 2
8 12 1
1 11 2
3 12 2
6 10 2
10 7 2
8 12 2
10 9 2
6 7 1
0 11 1
0 11 2
9 9 2
5 8 1
0 8 1
2 6 2
1 5 1
1 12 1
10 12 1
2 8 1
3 5 1
9 12 1
10 11 2
9 5 1
3 10 1
7 7 2
2 6 1
8 9 1
10 12 1
3 5 2
0 11 1
4 6 1
8 10 2
3 8 1
0 12 2
9 9 1
8 7 2
9 8 1
1 6 2
0 8 2
9 8 1
5 12 1
3 6 2
10 12 2
0 6 1
6 11 1
6 5 1
0 9 1
1 11 2
3 10 2
3 9 2
8 5 2
3 7 1
1 12 1
6 7 2
2 11 2
9 8 2
2 5 1
7 8 1
7 5 2
4 11 2
4 12 2
7 12 2
10 9 1
0 10 1
10 10 1
1 7 1
3 9 1
10 7 2
5 9 2
6 10 2
9 12 1
4 12 1
7 9 2
3 8 2
3 5 1
5 11 2
6 7 2
1 9 1
1 5 2
8 11 2
6 12 1
7 6 2
6 11 2
1 8 2
0 12 1
0 12 1
6 9 1
2 5 1
6 8 1
1 8 2
8 8 1
0 8 2
0 10 1
8 10 2
8 8 2
9 12 1
1 5 1
8 6 2
7 6 2
7 5 1
1 7 2
8 9 2
1 10 1
6 12 2
4 12 1
0 9 1
5 7 1
10 7 2
9 9 2
8 10 2
7 8 2
1 10 2
2 12 2
0 5 2
0 8 2
10 12 2
2 6 2
2 11 1
9 8 2
6 6 2
2 5 1
8 6 2
0 5 2
8 5 1
7 11 1
4 10 2
0 9 1
2 9 2
8 7 2
5 9 2
4 5 2
7 6 2
5 8 1
3 11 1
7 5 2
3 11 2
2 10 1
6 9 1
1 10 2
4 6 2
2 10 1
1 11 2
3 8 1
7 9 2
3 8 1
5 10 1
7 8 1
9 9 2
6 9 1
5 8 2
7 7 2
5 8 2
4 6 1
6 5 1
6 5 1
7 11 2
5 11 1
8 9 1
1 5 1
2 11 2
10 12 2
0 9 1
9 9 2
10 5 1
8 9 2
5 5 2
8 11 1
5 6 2
10 8 2
5 7 2
7 12 1
7 8 1
7 10 2
3 10 1
5 12 1
5 6 2
8 12 2
7 9 1
8 12 2
5 11 1
9 11 2
0 6 1
0 7 2
10 11 1
9 10 1
3 11 1
10 6 1
10 10 1
4 7 2
7 10 1
8 10 2
3 7 1
3 9 1
1 12 2
1 8 2
3 10 2
1 5 1
8 5 1
6 8 1
6 10 1
3 9 2
5 12 1
6 11 2
4 11 2
9 9 1
6 11 2
4 7 2
1 11 1
1 7 1
9 10 1
8 10 2
10 7 1
9 9 1
0 11 1
2 8 1
0 6 1
0 12 2
6 6 1
4 6 2
7 5 1
9 6 2
6 5 2
1 5 2
2 7 1
5 11 2
3 6 2
1 10 1
9 8 1
4 8 2
0 10 2
4 6 2
9 10 1
7 8 1
5 11 2
7 10 2
6 10 2
4 12 2
6 6 1
9 7 2
2 7 2
6 6 2
4 10 1
3 12 1
10 8 1
5 12 2
4 11 2
5 11 1
3 7 2
4 6 1
1 12 1
2 8 1
2 5 2
7 5 1
4 9 2
3 8 1
4 11 2
10 5 1
1 7 1
2 7 1
5 6 2
2 10 1
2 7 1
8 6 2
0 8 1
4 10 2
0 5 2
1 5 1
10 6 2
5 11 2
3 6 2
7 7 1
7 11 2
2 5 2
8 7 1
10 8 1
4 12 2
10 9 1
7 12 2
4 8 1
1 10 2
10 6 2
8 12 1
4 9 1
9 10 2
5 9 2
10 9 1
6 5 1
0 12 1
0 10 1
7 11 2
1 10 2
1 7 1
7 6 1
1 7 2
0 12 1
8 12 1
8 10 1
3 11 2
6 10 2
9 12 1
6 11 2
5 5 2
10 9 1
0 11 2
2 7 2
0 11 1
1 12 2
7 7 1
8 11 2
3 5 1
3 9 1
3 12 2
7 10 2
4 9 1
6 9 1
7 10 2
9 5 2
5 5 1
8 9 2
8 11 2
7 12 2
8 8 1
6 10 2
7 7 1
0 9 1
4 11 2
1 11 2
5 8 1
9 9 2
2 8 1
8 6 2
7 10 2
1 6 1
6 6 2
6 9 2
9 7 1
1 5 1
5 8 1
4 6 2
8 9 1
10 5 2
9 9 2
6 12 2
0 12 1
9 7 2
8 7 2
5 12 1
10 11 2
9 5 1
10 12 1
5 7 2
4 9 2
8 9 1
10 8 2
10 11 1
8 8 2
9 5 1
2 12 1
3 10 2
0 12 1
6 5 1
1 9 2
9 6 2
9 10 2
7 9 2
10 7 1
8 11 1
9 8 2
8 11 2
5 5 2
7 11 1
2 12 2
3 7 1
2 5 2
1 9 1
6 12 2
6 8 1
7 12 2
3 5 2
7 5 2
0 12 2
5 9 2
3 5 1
7 11 1
2 6 1
4 12 2
2 10 2
9 10 1
3 10 2
1 10 2
7 8 2
3 6 1
0 8 1
2 6 2
5 11 1
8 12 1
6 7 2
5 5 1
3 11 2
8 10 1
9 12 1
1 11 2
7 5 1
8 7 1
2 12 2
9 6 2
4 5 1
4 8 1
7 10 1
2 12 2
8 12 2
5 6 1
2 5 1
1 5 1
4 6 1
1 12 2
7 6 2
9 12 2
2 8 2
1 7 1
9 6 2
4 5 1
5 8 1
8 7 2
4 8 1
10 8 1
6 9 2
0 11 2
2 11 2
2 7 2
8 11 2
6 10 2
8 12 1
10 12 1
2 5 2
8 5 1
0 12 2
10 8 2
5 7 2
3 9 2
7 6 1
8 9 1
0 11 1
7 10 2
3 12 2
7 6 2
4 6 2
6 6 2
3 6 2
1 5 2
2 9 2
8 9 2
3 7 1
9 9 2
7 5 2
6 6 2
1 6 2
9 9 2
4 12 1
2 12 1
9 12 2
3 6 2
4 11 1
4 9 1
8 12 1
1 11 1
8 10 2
10 11 2
8 9 1
3 11 1
10 7 1
6 10 2
2 11 1
4 10 1
7 12 2
1 10 1
8 7 2
0 5 1
7 10 1
5 9 2
3 11 1
2 10 1
7 8 2
6 7 2
9 8 1
3 7 1
5 10 1
4 8 1
1 10 2
8 6 2
7 5 1
3 6 2
5 12 1
7 5 1
2 9 2
0 8 1
10 5 1
10 11 2
10 10 2
7 12 2
3 12 2
2 7 1
1 11 1
1 5 1
0 8 1
8 9 2
3 7 2
6 7 2
5 10 1
9 6 2
1 10 1
6 11 2
4 11 1
5 10 2
2 6 1
2 11 2
7 8 2
2 8 2
3 5 1
5 12 2
8 12 1
9 5 1
3 7 2
8 11 2
7 5 1
4 5 2
6 8 2
0 11 1
3 12 1
10 9 1
3 10 1
0 7 2
9 12 2
3 11 1
9 5 1
7 12 2
4 10 1
0 7 2
8 9 2
7 5 2
3 12 1
4 11 2
8 10 1
4 7 1
10 9 2
0 10 1
9 9 2
9 5 2
9 12 2
8 10 1
2 9 2
10 9 2
